1461634196942	0
1461634197144	0
1461634197346	0
1461634197547	0
1461634197749	0
1461634197953	609600
1461634198162	4307840
1461634198368	6258560
1461634198575	6746240
1461634198782	7274560
1461634198988	7437120
1461634199191	8168640
1461634199398	8696960
1461634199602	9225280
1461634199808	5486400
1461634200010	5080000
1461634200217	5648960
1461634200423	6136640
1461634200633	7599680
1461634200838	7112000
1461634201041	7680960
1461634201248	8087360
1461634201455	6868160
1461634201660	4551680
1461634201867	4958080
1461634202092	5527040
1461634202298	6096000
1461634202509	3251200
1461634202713	4185920
1461634202923	4429760
1461634203123	4714240
1461634203329	5242560
1461634203536	5730240
1461634203743	6258560
1461634203950	7152640
1461634204158	7274560
1461634204364	7965440
1461634204571	7965440
1461634204776	2682240
1461634204981	2072640
1461634205187	2885440
1461634205392	3291840
1461634205599	3982720
1461634205806	4307840
1461634206013	4998720
1461634206217	5323840
1461634206419	5852160
1461634206621	6339840
1461634206827	6827520
1461634207033	6949440
1461634207240	7762240
1461634207457	9347200
1461634207661	8900160
1461634207864	8818880
1461634208070	4998720
1461634208277	5120640
1461634208484	5852160
1461634208691	6258560
1461634208898	6746240
1461634209104	7152640
1461634209310	7802880
1461634209513	8168640
1461634209717	9387840
1461634209919	9225280
1461634210121	9631680
1461634210332	10281920
1461634210543	10160000
1461634210749	6827520
1461634210954	2844800
1461634211158	3291840
1461634211364	4023360
1461634211570	4389120
1461634211776	4836160
1461634211980	5323840
1461634212194	5852160
1461634212404	6624320
1461634212610	7355840
1461634212812	7477760
1461634213016	8128000
1461634213223	7721600
1461634213428	4185920
1461634213635	5080000
1461634213841	5242560
1461634214048	5689600
1461634214255	6177280
1461634214456	6746240
1461634214659	7152640
1461634214865	7680960
1461634215071	8453120
1461634215279	8656320
1461634215484	9753600
1461634215687	8818880
1461634215894	11013440
1461634216098	10160000
1461634216304	5201920
1461634216507	2438400
1461634216713	3657600
1461634216919	3901440
1461634217126	4348480
1461634217332	4836160
1461634217536	5730240
1461634217755	6136640
1461634217959	6421120
1461634218161	7315200
1461634218363	6868160
1461634218569	8818880
1461634218776	8412480
1461634218980	8900160
1461634219185	9387840
1461634219388	9712960
1461634219594	10078720
1461634219800	9144000
1461634220005	4551680
1461634220212	5933440
1461634220417	7071360
1461634220624	6949440
1461634220831	7477760
1461634221035	7965440
1461634221240	8493760
1461634221442	8981440
1461634221646	9509760
1461634221850	10688320
1461634222054	9550400
1461634222260	4673600
1461634222467	5730240
1461634222673	6258560
1461634222881	7071360
1461634223083	7233920
1461634223289	7437120
1461634223496	8290560
1461634223702	8940800
1461634223909	9306560
1461634224115	6664960
1461634224322	5730240
1461634224528	5527040
1461634224735	6014720
1461634224941	6461760
1461634225148	7071360
1461634225355	7518400
1461634225562	5892800
1461634225769	4267200
1461634225966	4348480
1461634226173	5242560
1461634226379	5770880
1461634226586	7193280
1461634226793	6746240
1461634226999	7193280
1461634227207	8290560
1461634227414	8290560
1461634227620	8778240
1461634227823	9306560
1461634228029	9631680
1461634228234	7559040
1461634228442	5161280
1461634228647	5811520
1461634228854	3576320
1461634229059	3291840
1461634229261	3820160
1461634229462	4307840
1461634229664	4795520
1461634229870	5242560
1461634230068	4917440
1461634230273	4267200
1461634230478	3942080
1461634230680	3779520
1461634230884	3657600
1461634231096	5201920
1461634231309	5852160
1461634231514	5852160
1461634231719	6177280
1461634231925	2804160
1461634232315	2641600
1461634232521	2275840
1461634232725	2844800
1461634232932	3129280
1461634233136	3698240
1461634233342	5120640
1461634233546	4795520
1461634233753	5242560
1461634233961	5730240
1461634234173	5201920
1461634234379	3495040
1461634234586	3901440
1461634234793	4632960
1461634234999	4917440
1461634235209	5445760
1461634235417	6624320
1461634235629	6096000
1461634235835	7071360
1461634236043	7640320
1461634236249	7965440
1461634236456	9184640
1461634236658	8981440
1461634236860	9347200
1461634237064	6258560
1461634237268	2926080
1461634237473	3535680
1461634237687	3495040
1461634237892	4023360
1461634238096	4511040
1461634238299	4958080
1461634238510	5527040
1461634238716	6055360
1461634238924	7437120
1461634239131	6786880
1461634239337	7559040
1461634239540	8046720
1461634239746	8290560
1461634239957	6096000
1461634240163	4998720
1461634240369	4307840
1461634240575	5689600
1461634240782	6421120
1461634240989	6664960
1461634241193	7274560
1461634241397	7680960
1461634241601	8168640
1461634241806	8696960
1461634242013	6664960
1461634242216	4795520
1461634242423	5283200
1461634242630	6136640
1461634242844	6380480
1461634243052	7274560
1461634243259	7477760
1461634243466	7965440
1461634243669	8493760
1461634243872	8940800
1461634244076	9387840
1461634244279	9875520
1461634244481	10078720
1461634244685	10078720
1461634244892	4551680
1461634245098	5811520
1461634245305	6461760
1461634245512	7071360
1461634245716	7477760
1461634245922	7965440
1461634246128	8493760
1461634246333	8981440
1461634246535	9509760
1461634246742	4836160
1461634246946	5080000
1461634247153	5648960
1461634247359	6339840
1461634247565	6421120
1461634247772	7071360
1461634247979	7559040
1461634248185	8087360
1461634248392	8575040
1461634248597	6461760
1461634248802	4836160
1461634249008	5364480
1461634249215	6705600
1461634249421	6339840
1461634249628	6868160
1461634249836	7843520
1461634250039	7884160
1461634250244	8493760
1461634250450	8900160
1461634250656	8493760
1461634250861	4185920
1461634251068	5486400
1461634251275	6461760
1461634251482	6339840
1461634251689	6827520
1461634251896	7802880
1461634252101	7721600
1461634252308	8331200
1461634252512	8818880
1461634252714	9306560
1461634252919	8128000
1461634253126	3535680
1461634253333	6421120
1461634253540	6055360
1461634253746	6543040
1461634253952	6908800
1461634254147	7559040
1461634254349	8087360
1461634254552	8575040
1461634254756	8981440
1461634254958	9509760
1461634255162	9956800
1461634255368	6908800
1461634255575	5608320
1461634255782	6258560
1461634255997	6543040
1461634256205	7193280
1461634256413	7721600
1461634256621	8087360
1461634256828	8453120
1461634257033	8696960
1461634257243	10322560
1461634257449	9997440
1461634257656	5730240
1461634257860	3088640
1461634258064	3535680
1461634258266	3291840
1461634258468	3454400
1461634258673	4470400
1461634258878	4958080
1461634259085	5527040
1461634259295	6990080
1461634259502	6258560
1461634259705	3210560
1461634259911	3901440
1461634260116	4429760
1461634260322	4917440
1461634260528	5445760
1461634260735	5933440
1461634260943	6908800
1461634261145	6949440
1461634261352	7477760
1461634261558	7965440
1461634261765	8371840
1461634261971	9753600
1461634262175	9184640
1461634262381	9916160
1461634262583	10078720
1461634262788	5974080
1461634262993	2641600
1461634263195	3291840
1461634263399	3616960
1461634263605	4307840
1461634263814	5080000
1461634264020	5323840
1461634264222	6014720
1461634264427	4632960
1461634264632	1422400
1461634264837	1910080
1461634265042	2397760
1461634265243	2885440
1461634265448	3413760
1461634265652	3901440
1461634265859	4673600
1461634266063	4917440
1461634266270	5445760
1461634266475	5892800
1461634266681	6339840
1461634266889	7762240
1461634267341	5892800
1461634267559	3982720
1461634267766	5201920
1461634267978	5161280
1461634268185	5242560
1461634268389	6014720
1461634268594	6461760
1461634268801	7437120
1461634269010	7559040
1461634269217	8006080
1461634269424	7762240
1461634269630	3982720
1461634269836	4836160
1461634270043	5323840
1461634270250	5852160
1461634270457	6339840
1461634270664	7721600
1461634270871	7355840
1461634271085	8453120
1461634271291	7640320
1461634271506	6177280
1461634271713	4917440
1461634271920	5242560
1461634272127	5648960
1461634272333	6217920
1461634272541	7193280
1461634272748	7193280
1461634272955	7680960
1461634273161	8168640
1461634273366	8696960
1461634273574	9997440
1461634273778	8534400
1461634273989	7071360
1461634274196	5364480
1461634274414	5648960
1461634274622	7233920
1461634274828	6339840
1461634275028	7233920
1461634275235	7884160
1461634275443	9144000
1461634275647	8778240
1461634275854	9306560
1461634276056	9875520
1461634276260	8940800
1461634276467	4876800
1461634276674	5811520
1461634276880	6217920
1461634277086	7680960
1461634277293	7233920
1461634277500	7884160
1461634277709	8128000
1461634277916	8493760
1461634278120	9916160
1461634278323	9794240
1461634278535	8981440
1461634278741	4551680
1461634278951	5974080
1461634279158	6339840
1461634279364	7437120
1461634279571	7274560
1461634279778	7762240
1461634279989	8981440
1461634280195	8981440
1461634280402	9265920
1461634280605	9834880
1461634280816	10038080
1461634281031	7274560
1461634281237	2600960
1461634281441	3291840
1461634281648	3820160
1461634281855	4795520
1461634282063	4917440
1461634282269	5323840
1461634282473	5852160
1461634282678	6339840
1461634282886	7315200
1461634283097	7437120
1461634283304	7884160
1461634283516	9387840
1461634283721	8859520
1461634283929	9265920
1461634284135	6705600
1461634284340	5120640
1461634284547	5648960
1461634284753	5811520
1461634284959	6664960
1461634285166	7762240
1461634285373	7843520
1461634285578	8168640
1461634285784	8575040
1461634285986	9184640
1461634286190	9672320
1461634286396	5283200
1461634286602	5445760
1461634286808	5933440
1461634287014	6421120
1461634287220	7721600
1461634287426	7477760
1461634287636	7924800
1461634287843	8900160
1461634288046	8859520
1461634288248	9631680
1461634288461	7721600
1461634288667	5120640
1461634288875	5852160
1461634289080	6258560
1461634289286	6705600
1461634289491	7152640
1461634289698	7680960
1461634289916	8940800
1461634290121	8696960
1461634290327	9834880
1461634290529	9834880
1461634290735	7680960
1461634290941	5242560
1461634291148	5567680
1461634291357	6908800
1461634291562	6868160
1461634291771	6258560
1461634291974	4023360
1461634292180	4348480
1461634292386	4145280
1461634292594	6380480
1461634292801	5933440
1461634293008	6461760
1461634293215	6908800
1461634293419	7437120
1461634293624	8534400
1461634293826	8493760
1461634294030	8575040
1461634294235	4876800
1461634294439	4958080
1461634294646	5527040
1461634294852	6014720
1461634295050	6461760
1461634295257	6949440
1461634295466	7477760
1461634295680	8940800
1461634295886	8493760
1461634296094	8778240
1461634296299	9916160
1461634296503	9265920
1461634296709	2722880
1461634296917	2804160
1461634297121	3291840
1461634297328	3820160
1461634297532	4185920
1461634297740	4958080
1461634297946	5323840
1461634298153	5730240
1461634298359	6258560
1461634298565	7355840
1461634298774	7274560
1461634298980	7721600
1461634299189	7071360
1461634299393	1300480
1461634299598	2560320
1461634299804	2926080
1461634300009	3413760
1461634300212	3901440
1461634300415	4429760
1461634300623	4998720
1461634300829	5486400
1461634301030	5933440
1461634301237	6461760
1461634301444	7965440
1461634301651	7437120
1461634301859	8006080
1461634302320	6217920
1461634302534	5445760
1461634302744	5039360
1461634302956	5892800
1461634303163	6136640
1461634303369	6786880
1461634303576	7274560
1461634303783	7518400
1461634303988	8087360
1461634304195	8575040
1461634304401	9103360
1461634304604	10119360
1461634304811	5689600
1461634305017	2682240
1461634305224	3169920
1461634305437	3535680
1461634305643	4267200
1461634305850	4551680
1461634306051	5039360
1461634306258	5527040
1461634306465	6990080
1461634306671	6543040
1461634306878	6990080
1461634307084	7396480
1461634307301	8615680
1461634307508	8534400
1461634307712	8981440
1461634307915	10241280
1461634308121	6339840
1461634308328	5283200
1461634308535	5730240
1461634308742	6258560
1461634308948	6746240
1461634309152	4511040
1461634309356	3860800
1461634309560	5080000
1461634309767	4754880
1461634309973	5445760
1461634310178	5933440
1461634310384	6786880
1461634310588	6949440
1461634310794	7477760
1461634310996	7965440
1461634311205	8412480
1461634311410	9672320
1461634311612	8981440
1461634311816	6908800
1461634312024	4267200
1461634312230	5648960
1461634312435	6299200
1461634312642	6258560
1461634312848	3698240
1461634313053	3982720
1461634313257	4429760
1461634313461	4836160
1461634313668	5486400
1461634313875	5933440
1461634314082	6421120
1461634314289	6868160
1461634314496	7355840
1461634314703	8859520
1461634314910	8412480
1461634315116	8493760
1461634315320	4917440
1461634315524	4958080
1461634315732	6502400
1461634315938	6055360
1461634316145	6502400
1461634316352	7030720
1461634316560	8006080
1461634316766	5770880
1461634316971	4185920
1461634317177	4714240
1461634317381	5242560
1461634317587	5689600
1461634317793	6177280
1461634317995	7152640
1461634318200	7477760
1461634318406	7680960
1461634318610	8168640
1461634318814	8656320
1461634319018	9062720
1461634319225	9550400
1461634319430	7599680
1461634319635	2804160
1461634319839	3007360
1461634320044	3495040
1461634320247	4023360
1461634320453	4389120
1461634320659	5120640
1461634320868	5770880
1461634321075	6136640
1461634321283	6583680
1461634321490	8046720
1461634321699	7559040
1461634321906	7802880
1461634322112	9184640
1461634322318	7437120
1461634322524	4754880
1461634322730	5283200
1461634322937	5730240
1461634323144	6543040
1461634323351	6746240
1461634323569	8087360
1461634323775	7884160
1461634323984	8290560
1461634324190	8778240
1461634324395	7721600
1461634324602	4267200
1461634324805	5567680
1461634325013	6136640
1461634325218	6258560
1461634325422	6583680
1461634325628	7274560
1461634325834	8371840
1461634326041	6746240
1461634326244	4307840
1461634326448	4023360
1461634326654	5364480
1461634326861	6786880
1461634327061	5811520
